n1=50;
n2=50;

s1=2.734585743;
s2=3.502010729;

sp=sqrt(((n1-1)*s1^2+(n2-1)*s2^2)/((n1-1)*(n2-1)));

m1=42.46;
m2=24.36986301;
delta = m1-m2;

N=(16*sp^2)/(delta^2)+1